     1        0   0.000
     2    20038   0.020
     3    40075   0.040
     4    60112   0.060
     5    80149   0.080
     6   100186   0.100
     7   120223   0.120
     8   140260   0.140
     9   160297   0.160
    10   180334   0.180
    11   200371   0.200
    12   220408   0.220
    13   240445   0.240
    14   260482   0.260
    15   280519   0.280
    16   300556   0.300
    17   320593   0.320
    18   340630   0.340
    19   360667   0.360
    20   380704   0.380
    21   400741   0.400
    22   420778   0.420
    23   440815   0.440
    24   460852   0.460
    25   480889   0.480
    26   500926   0.500
    27   520963   0.520
    28   541000   0.540
    29   561037   0.560
    30   581074   0.580
    31   601111   0.600
    32   621148   0.620
    33   641185   0.640
    34   661222   0.660
    35   681259   0.680
    36   701296   0.700
    37   721333   0.720
    38   741370   0.740
    39   761407   0.760
    40   781444   0.780
    41   801481   0.800
    42   821518   0.820
    43   841555   0.840
    44   861592   0.860
    45   881629   0.880
    46   901666   0.900
    47   921703   0.920
    48   941740   0.940
    49   961777   0.960
    50   981814   0.980
    51  1001851   1.000
    52  1021888   1.020
    53  1041925   1.040
    54  1061962   1.060
    55  1081999   1.080
    56  1102036   1.100
    57  1122073   1.120
    58  1142110   1.140
    59  1162147   1.160
    60  1182184   1.180
    61  1202221   1.200
    62  1222258   1.220
    63  1242295   1.240
    64  1262332   1.260
    65  1282369   1.280
    66  1302406   1.300
    67  1322443   1.320
    68  1342480   1.340
    69  1362517   1.360
    70  1382554   1.380
    71  1402591   1.400
    72  1422628   1.420
    73  1442665   1.440
    74  1462702   1.460
    75  1482739   1.480
    76  1502776   1.500
    77  1522813   1.520
    78  1542850   1.540
    79  1562887   1.560
    80  1582924   1.580
    81  1602961   1.600
    82  1622998   1.620
    83  1643035   1.640
    84  1663072   1.660
    85  1683109   1.680
    86  1703146   1.700
    87  1723183   1.720
    88  1743220   1.740
    89  1763257   1.760
    90  1783294   1.780
    91  1803331   1.800
    92  1823368   1.820
    93  1843405   1.840
    94  1863442   1.860
    95  1883479   1.880
    96  1903516   1.900
    97  1923553   1.920
    98  1943590   1.940
    99  1963627   1.960
   100  1983664   1.980
   101  2003701   2.000
   102  2023738   2.020
   103  2043775   2.040
   104  2063812   2.060
   105  2083849   2.080
   106  2103886   2.100
   107  2123923   2.120
   108  2143960   2.140
   109  2163997   2.160
   110  2184034   2.180
   111  2204071   2.200
   112  2224108   2.220
   113  2244145   2.240
   114  2264182   2.260
   115  2284219   2.280
   116  2304256   2.300
   117  2324293   2.320
   118  2344330   2.340
   119  2364367   2.360
   120  2384404   2.380
   121  2404441   2.400
   122  2424478   2.420
   123  2444515   2.440
   124  2464552   2.460
   125  2484589   2.480
   126  2504626   2.500
   127  2524663   2.520
   128  2544700   2.540
   129  2564737   2.560
   130  2584774   2.580
   131  2604811   2.600
   132  2624848   2.620
   133  2644885   2.640
   134  2664922   2.660
   135  2684959   2.680
   136  2704996   2.700
   137  2725033   2.720
   138  2745070   2.740
   139  2765107   2.760
   140  2785144   2.780
   141  2805181   2.800
   142  2825218   2.820
   143  2845255   2.840
   144  2865292   2.860
   145  2885329   2.880
   146  2905366   2.900
   147  2925403   2.920
   148  2945440   2.940
   149  2965477   2.960
   150  2985514   2.980
   151  3005551   3.000
   152  3025588   3.020
   153  3045625   3.040
   154  3065662   3.060
   155  3085699   3.080
   156  3105736   3.100
   157  3125773   3.120
   158  3145810   3.140
   159  3165847   3.160
   160  3185884   3.180
   161  3205921   3.200
   162  3225958   3.220
   163  3245995   3.240
   164  3266032   3.260
   165  3286069   3.280
   166  3306106   3.300
   167  3326143   3.320
   168  3346180   3.340
   169  3366217   3.360
   170  3386254   3.380
   171  3406291   3.400
   172  3426328   3.420
   173  3446365   3.440
   174  3466402   3.460
   175  3486439   3.480
   176  3506476   3.500
   177  3526513   3.520
   178  3546550   3.540
   179  3566587   3.560
   180  3586624   3.580
   181  3606661   3.600
   182  3626698   3.620
   183  3646735   3.640
   184  3666772   3.660
   185  3686809   3.680
   186  3706846   3.700
   187  3726883   3.720
   188  3746920   3.740
   189  3766957   3.760
   190  3786994   3.780
   191  3807031   3.800
   192  3827068   3.820
   193  3847105   3.840
   194  3867142   3.860
   195  3887179   3.880
   196  3907216   3.900
   197  3927253   3.920
   198  3947290   3.940
   199  3967327   3.960
   200  3987364   3.980
   201  4007401   4.000
   202  4027438   4.020
   203  4047475   4.040
   204  4067512   4.060
   205  4087549   4.080
   206  4107586   4.100
   207  4127623   4.120
   208  4147660   4.140
   209  4167697   4.160
   210  4187734   4.180
   211  4207771   4.200
   212  4227808   4.220
   213  4247845   4.240
   214  4267882   4.260
   215  4287919   4.280
   216  4307956   4.300
   217  4327993   4.320
   218  4348030   4.340
   219  4368067   4.360
   220  4388104   4.380
   221  4408141   4.400
   222  4428178   4.420
   223  4448215   4.440
   224  4468252   4.460
   225  4488289   4.480
   226  4508326   4.500
   227  4528363   4.520
   228  4548400   4.540
   229  4568437   4.560
   230  4588474   4.580
   231  4608511   4.600
   232  4628548   4.620
   233  4648585   4.640
   234  4668622   4.660
   235  4688659   4.680
   236  4708696   4.700
   237  4728733   4.720
   238  4748770   4.740
   239  4768807   4.760
   240  4788844   4.780
   241  4808881   4.800
   242  4828918   4.820
   243  4848955   4.840
   244  4868992   4.860
   245  4889029   4.880
   246  4909066   4.900
   247  4929103   4.920
   248  4949140   4.940
   249  4969177   4.960
